Main Point: 47.6882629, 44.9999847, -77.1241608, -0.935618877, 3.44391715e-08, -0.353011817, 1.36559128e-08, 1, 6.13646307e-08, 0.353011817, 5.25932116e-08, -0.935618877
Above the Main Point: -9.18160057, 92.5064697, -80.9875259, 0.238162711, -4.8524381e-08, -0.971225262, -8.90318042e-09, 1, -5.21452499e-08, 0.971225262, 2.10660485e-08, 0.238162711
The Top of the Main Point: 1.43643665, 110.486404, -159.665588, 0.83496809, 2.22064802e-08, -0.550298393, 1.21750903e-08, 1, 5.88267994e-08, 0.550298393, -5.58184325e-08, 0.83496809

Warehouse 1 : 407.081421, 43.7250023, -384.400055, -1, 0, 0, 0, 1, 0, 0, 0, -1
Warehouse 2 : -224.555756, 43.8045692, 193.599976, -1, 0, 0, 0, 1, 0, 0, 0, -1
Floating Warehouse 1 : -875.945374, 56.5788193, -1539.94031, -0.173624277, 0, 0.984811902, 0, 1, 0, -0.984811902, 0, -0.173624277
Floating Warehouse 2 : 1021.03601, 56.5798874, 1559.97888, 0.12270242, -0, -0.992443442, 0, 1, -0, 0.992443442, 0, 0.12270242
